    7.20000000     9.80000000
    8.10000000    11.60000000
    8.90000000    11.50000000
   11.60000000    13.30000000
    7.70000000    12.60000000
    8.70000000    10.30000000
    6.90000000     7.50000000
    5.40000000     9.30000000
    8.80000000    10.30000000
    8.90000000    10.30000000
    3.70000000     8.40000000
    3.30000000     8.80000000
    5.20000000     5.00000000
    9.60000000     5.80000000
   10.80000000     6.80000000
    5.00000000     2.30000000
    5.40000000     3.50000000
    9.50000000     7.90000000
    5.30000000    11.80000000
    5.80000000    10.70000000
    2.30000000     9.00000000
    4.10000000     5.80000000
    6.60000000     6.80000000
    8.20000000    11.70000000
    6.10000000    10.60000000
    8.90000000    11.70000000
    6.60000000    13.10000000
    4.10000000    13.60000000
    2.80000000     8.00000000
    2.10000000     3.50000000
    4.10000000     3.20000000
